-882553.873055
-850996.362977
-844603.039292
-842604.864993
-842003.247243
-841636.753493
-841389.031076
-841238.354626
-841147.232585
-841043.134035
-840977.925488
-840918.226521
-840872.506188
-840829.282391
-840798.114874
-840755.273542
-840727.550103
-840686.926266
-840659.400373
-840624.861476
-840604.638998
-840575.563671
-840558.810637
-840547.790671
-840532.485398
-840514.670106
-840498.507593
-840485.187764
-840466.990969
-840455.663101
-840443.875132
-840436.999212
-840431.776504
-840422.636797
-840413.496545
-840403.650911
-840390.365447
-840381.803174
-840369.522319
-840358.734169
-840341.360572
-840331.606434
-840325.611527
-840323.554041
-840318.134602
-840308.495298
-840300.703340
-840295.245706
-840287.933546
-840286.191948
-840282.640035
-840279.457758
-840278.231493
-840269.612144
-840266.435302
-840260.040369
-840251.549392
-840247.313866
-840243.928394
-840235.925483
-840233.741705
-840227.979678
-840227.230822
-840223.973906
-840214.478808
-840209.868529
-840206.561477
-840205.306373
-840203.075562
-840196.908612
-840193.532506
-840191.034346
-840186.130189
-840179.809917
-840176.199680
-840171.728553
-840170.884361
-840168.461976
-840167.774534
-840162.724226
-840157.145432
-840152.147066
-840150.490783
-840148.430650
-840146.644450
-840145.385258
-840141.809636
-840136.983149
-840136.068598
-840136.059063
