-845994.070008
-807383.950152
-802827.124959
-801836.439957
-801219.411522
-800954.846989
-800764.405003
-800633.829036
-800528.735083
-800426.955897
-800365.414129
-800286.406100
-800232.015973
-800186.128316
-800150.577056
-800104.690508
-800049.383708
-800017.481140
-800001.898620
-799983.070349
-799965.941466
-799945.831752
-799927.774165
-799909.873679
-799887.836471
-799877.092556
-799872.149429
-799855.707891
-799845.620290
-799832.084189
-799817.769681
-799808.133494
-799800.651729
-799792.134969
-799775.383477
-799765.433226
-799756.074797
-799748.348820
-799740.513661
-799733.811069
-799730.892063
-799721.253420
-799720.181886
-799704.313510
-799701.884440
-799700.714929
-799689.319925
-799684.190442
-799680.084466
-799675.791238
-799661.551966
-799653.751150
-799639.673573
-799637.149517
-799634.504788
-799628.988044
-799624.834031
-799622.825620
-799621.908319
-799619.168934
-799616.956690
-799611.289433
-799605.474578
-799599.079207
-799592.059129
-799582.038500
-799579.623373
-799571.575376
-799563.081739
-799561.210796
-799559.113839
-799554.999422
-799553.312214
-799553.307144
