-871948.463206
-835870.315710
-830841.340887
-829464.224697
-829018.034034
-828729.484058
-828477.847220
-828227.684144
-828066.675691
-827908.092886
-827830.735180
-827756.083445
-827652.616020
-827552.584956
-827516.629132
-827469.308230
-827439.658339
-827404.023500
-827377.701749
-827349.191308
-827322.785147
-827301.861604
-827274.604586
-827260.169261
-827250.386375
-827240.990276
-827211.853086
-827193.897341
-827182.503271
-827174.188007
-827165.732674
-827159.063340
-827144.390212
-827132.722239
-827123.429034
-827117.087688
-827109.481641
-827095.803313
-827089.037250
-827084.196610
-827073.343121
-827064.265145
-827060.706396
-827057.674862
-827049.208685
-827040.923724
-827033.208212
-827024.762529
-827014.529549
-827006.493665
-826996.795842
-826990.545990
-826982.598371
-826976.678404
-826963.970952
-826958.216520
-826956.694436
-826953.037921
-826950.109723
-826942.398216
-826939.524791
-826937.244091
-826932.803352
-826931.656441
-826931.151232
-826922.800239
-826918.863172
-826914.885752
-826912.227441
-826909.117855
-826903.111480
-826897.076218
-826896.158489
-826894.601538
-826892.214238
-826890.968123
-826890.328209
-826887.277491
-826883.423549
-826880.435390
-826880.354242
