-862780.731518
-824852.423719
-819954.877328
-818382.442889
-817603.825373
-817178.309433
-816864.127284
-816682.388917
-816552.664493
-816444.655463
-816386.936688
-816331.512981
-816268.655989
-816226.333518
-816148.094896
-816110.011047
-816080.797570
-816042.532516
-815989.508224
-815969.469248
-815942.639914
-815909.277822
-815894.167951
-815867.722860
-815821.361440
-815810.023943
-815802.187123
-815794.317419
-815780.588050
-815763.996461
-815753.192529
-815746.477180
-815734.949373
-815726.336237
-815714.947794
-815697.545554
-815694.587077
-815690.827313
-815678.772936
-815673.009881
-815668.635772
-815660.165879
-815656.990652
-815653.155984
-815643.400437
-815632.684022
-815627.565130
-815626.088349
-815618.741012
-815611.594109
-815595.288244
-815591.727156
-815587.123084
-815583.207722
-815578.572483
-815577.199670
-815570.413995
-815566.149804
-815557.655773
-815553.840668
-815551.388772
-815548.089143
-815547.264750
-815542.105038
-815537.646366
-815536.430056
-815534.363161
-815531.613973
-815531.525859
