-954351.446792
-944148.307467
-941443.243408
-940251.073161
-939574.978529
-939029.644956
-938550.543699
-938218.125611
-937931.673133
-937697.280637
-937533.237588
-937372.031209
-937244.862612
-937127.636284
-937013.836687
-936926.455598
-936839.763343
-936771.375045
-936710.335235
-936642.463188
-936605.302386
-936558.323635
-936504.995787
-936465.680061
-936413.410795
-936367.980591
-936341.486187
-936300.604516
-936274.573479
-936246.769750
-936211.965753
-936175.798724
-936150.701355
-936129.463299
-936104.388596
-936076.554660
-936054.711722
-936040.661577
-936027.593857
-936011.851736
-935991.371566
-935975.988089
-935954.110787
-935936.323260
-935921.282477
-935904.525208
-935869.539877
-935850.865653
-935835.609906
-935822.262616
-935807.991259
-935791.714056
-935777.863544
-935761.928909
-935744.345729
-935730.648277
-935723.404540
-935703.217664
-935692.222328
-935673.411404
-935656.551672
-935639.567165
-935621.121288
-935603.061523
-935588.808056
-935579.583823
-935566.492319
-935550.982505
-935537.367802
-935524.804580
-935515.019421
-935511.467608
-935502.137738
-935485.763392
-935480.659013
-935471.650816
-935465.569611
-935458.762127
-935450.641679
-935426.262791
-935422.047001
-935418.538347
-935415.953485
-935410.120416
-935406.118070
-935394.618531
-935390.915737
-935385.978039
-935383.016881
-935380.181896
-935377.694398
-935376.536965
-935374.007437
-935370.927459
-935365.913400
-935359.371914
-935351.934004
-935348.860722
-935342.271638
-935341.419076
-935338.728426
-935335.298904
-935332.448729
-935328.724662
-935327.558382
-935326.498790
-935322.856421
-935314.587858
-935311.094287
-935302.201544
-935295.410284
-935291.320908
-935286.052977
-935282.978784
-935280.517465
-935276.208269
-935270.070838
-935267.851405
-935262.945936
-935259.417238
-935255.972734
-935253.174596
-935250.287884
-935246.473543
-935240.635430
-935239.619763
-935238.415375
-935232.332443
-935227.708824
-935226.508278
-935225.564966
-935222.601632
-935216.258343
-935215.531016
-935213.478732
-935207.490231
-935203.999858
-935202.765130
-935201.291170
-935198.601639
-935197.031764
-935196.665256
-935194.271450
-935191.913698
-935190.803818
-935190.181425
-935187.998758
-935187.614036
-935184.698816
-935181.260016
-935178.945532
-935169.113562
-935135.677608
-935135.390414
-935133.734459
-935133.114101
-935132.364178
-935130.936205
-935129.683482
-935128.856271
-935127.933825
-935125.567600
-935120.835493
-935119.866539
-935117.686448
-935116.204618
-935114.487814
-935105.851313
-935101.991977
-935099.058526
-935094.256322
-935092.989760
-935092.212329
-935091.465410
-935090.729800
-935090.358445
-935088.238217
-935088.133802
-935087.919259
-935086.660182
-935086.585775
