-896763.747304
-867857.673345
-862571.716232
-860681.266347
-859756.392302
-859209.028076
-858908.081012
-858667.097803
-858476.205488
-858345.325559
-858244.882127
-858164.848947
-858114.595047
-858063.106581
-858016.375790
-857958.226562
-857909.178963
-857869.690335
-857837.932817
-857788.118193
-857750.744769
-857739.990329
-857728.220747
-857718.521258
-857708.239397
-857688.994798
-857679.664040
-857662.346952
-857648.813909
-857625.243929
-857621.195639
-857617.702296
-857611.111336
-857598.467793
-857592.296251
-857588.572538
-857584.697388
-857576.690438
-857572.227832
-857566.467221
-857563.892184
-857561.551706
-857557.839091
-857555.544323
-857548.793268
-857545.375954
-857539.887168
-857529.698122
-857522.647217
-857515.137248
-857511.743418
-857506.606153
-857504.855138
-857500.541207
-857490.728622
-857487.905891
-857475.364320
-857467.183967
-857465.340290
-857462.346220
-857449.564778
-857447.570816
-857445.103301
-857443.475064
-857442.646194
-857439.770933
-857438.567633
-857436.246320
-857434.253676
-857433.004622
-857426.331427
-857424.961704
-857423.448584
-857423.323422
-857421.254348
-857421.159204
