-916942.517681
-896394.409537
-891086.239837
-888664.931402
-887398.343541
-886681.365227
-886154.593554
-885793.015769
-885490.202079
-885290.913305
-885097.127889
-884981.424360
-884885.706849
-884756.759025
-884685.840695
-884619.045447
-884536.374501
-884477.892293
-884435.250162
-884387.754253
-884338.637122
-884301.596519
-884274.328179
-884238.420090
-884206.740054
-884180.247818
-884162.931566
-884150.830473
-884100.208631
-884060.679570
-884039.361360
-884018.082845
-883990.832562
-883974.746653
-883956.134742
-883938.604577
-883926.599942
-883916.523651
-883901.632446
-883897.225123
-883888.806227
-883882.152253
-883871.935967
-883861.719332
-883849.663973
-883842.118138
-883835.260159
-883828.095557
-883823.483425
-883805.162549
-883789.119941
-883784.155818
-883777.148214
-883766.733564
-883752.297764
-883738.506645
-883730.442030
-883719.680840
-883712.352692
-883708.842217
-883707.645467
-883702.507401
-883694.815030
-883691.744847
-883690.163174
-883686.656023
-883684.701751
-883683.770964
-883681.416469
-883679.922732
-883676.418567
-883673.600176
-883668.325032
-883666.210583
-883663.379319
-883661.430191
-883654.964278
-883652.551119
-883647.196158
-883637.373070
-883626.427078
-883617.123435
-883615.518788
-883611.429196
-883604.636689
-883602.790903
-883598.228317
-883593.797303
-883589.041747
-883575.664313
-883570.353671
-883567.027304
-883565.874399
-883563.244609
-883558.980209
-883557.545180
-883556.646352
-883555.602722
-883552.518111
-883551.585923
-883550.389445
-883550.098285
-883548.206245
-883546.880004
-883544.608190
-883543.996032
-883539.433714
-883537.935403
-883535.317676
-883533.533924
-883532.725908
-883530.938114
-883527.720519
-883523.386039
-883520.645496
-883518.821688
-883518.676596
-883515.959806
-883513.055668
-883507.743041
-883504.887519
-883502.428567
-883498.138009
-883495.061331
-883490.937857
-883488.684851
-883486.455058
-883486.052001
-883482.322135
-883479.053110
-883474.110058
-883473.629585
-883470.805731
-883468.209131
-883468.194148
