-854340.979916
-814765.379553
-810470.800570
-809416.361797
-808719.903185
-808348.405820
-808079.150438
-807933.387993
-807816.701572
-807739.870628
-807657.986327
-807586.496699
-807508.345095
-807469.214349
-807424.834060
-807397.321769
-807380.969855
-807356.378959
-807341.423937
-807317.178846
-807296.991322
-807270.478716
-807248.606007
-807222.399331
-807178.479598
-807162.220942
-807139.833717
-807129.730573
-807120.395869
-807109.915753
-807098.988017
-807082.281805
-807060.921155
-807048.413257
-807043.692193
-807036.856640
-807029.249170
-807009.161583
-806987.875208
-806974.251090
-806959.108010
-806952.949773
-806944.750912
-806938.248304
-806929.644669
-806922.846748
-806918.659439
-806916.690229
-806914.791810
-806909.500959
-806905.863945
-806900.890261
-806897.774353
-806891.984745
-806890.072399
-806886.064902
-806882.490877
-806873.843270
-806867.816573
-806866.685829
-806862.831121
-806860.434247
-806858.014902
-806847.364630
-806807.085309
-806744.345286
-806733.442205
-806731.213600
-806727.089586
-806725.875894
-806723.690450
-806715.261532
-806711.491726
-806708.782984
-806704.220114
-806697.583090
-806691.953871
-806689.649889
-806689.643412
